118 Paulini Ρο11·1(·01’(1100

0100 111 1111101110 1110115 051 1101011150 11010111,

300 11111111115 01- 11111 500110- 11000 0011111101110 tyranni
praeuia 11101111 (1151101511 510110 11110115,

11010111111 10105 11115010110 111510 111011111105
00 51101511 001010111 111010115 1101111110 001010111.
01 (11101111115 1110110111 11115010111111 11010 reorum

305 0000101 111111101105 100010115 010111011110 005115,

11011 11111101· 1110 0110101 111005011115 001150 11010115,
1110111 1111011 1011101· 50010115, (1111 criminis 111101,
50 1000101- prius 11150 1011111 111001011110 100111111.
01055101· 011100111111 001100 010101110101 01110111.

310 01010 (111105 blandum 1101· 01111010 01011101110 5011010111
5110150101 01 1110111110 1110100110111 01111110 50111110
111055011110 1111110111111 101100110111, murmura 110011111.
110110110111 111011100 11111115 0110 511011110 1100115,
00501110 01 proprium 001100 11111150 001010111

315 1010101, 011111110115 0111113115 5110 510110 figuris,

01 11011 1110111110 001110111100 01110 (11110115,

5011 5011010 011515111111 humanae 11010 50111115
01100111 51111111101110 011111111111. 110111 0100 011101111
111111015 1115101111 1111110110 111111110 0105511.

320 501115 11, 11111011111115 1101· 011000 511011110 1105100
1100115 01 11011-01110111 5001010 0115011101 1110111111.

010110 equidem umbrarum cunctas 00551550 0011111105,
(11105 11101115 >111511001 11001111110 011· 0111111110 1100111011,
0111110 01105 (11105 blande 511111550 Molossos

3525 10111110111110 0115 11100511110111111 110051550, 1011010111.
0100 11111 110111011111111 051 01151111010 011 111111110 (1111
111111015 01500111 0101151111111 ferale 11110115,

302] cf. 1, 375. 3013] cf. 111, 153. 311] cf.1111,2128. 326] cf.
Fortunat. V. M. 1111, 115. ⁷

3111 fauori>- δ’ :301 11101105 e> :307 100101· uel 0110101· 1701)]ιέηὸ
310 qui 051 1¹ phu-idum 11 311- fusa 1· 319 indicis P 11111110
1² cod. laren· 1010110 v 3:20 11 scripsi.- 01, PS 1105100 S 322 (1111-
110111 0 323 1100111110 1' :324 11101105505 P 1110111505 S 325 10511-
110111110 1) possm-notun] Η 110151110111111 cod. leo-ete· 5111010111
511111550 1·

