10ss Paulini Pon-icordiao

1101110101 00011101 1110110000 11010 1111110110,
11100110 111100 1101111110 00010101 11011110 Christo
⁴345 uirginitas 00110 11100110, 11011 10011010 001010,
0111011110 1100011001 01111110 1110000000101 01111100,
1100 0110011110 1100110 1110110 0111100110 1111110110,
110011 001001 011 0011110 0000101100 0111010 01101010
0011101101 0001110111 0000101111 001110. rigorem,
650 1100 10010 1001011111 00101101 10101110. 000011,
01110000 ingenitum 01110110 1101111010 00111101
01 111·1111ς1·00001·11111 uix 1010 0110101110 1111011101.
110100 11101100111 10010 0110010110 00110111111
1101110111, 111 1010111 10010 1100010100 0111101
655 1111001110 101110 0111010111 11010 1111011001.
0010111 110. 0000101111 11011Χο 111 11001010 01011011
10111 11001100 1100010 111100, 01 01000110 1111110110
001110 111110, 010100 11111100 0011100110 11010100,
000 101111 1100001 1110111001 10001010, 11011001.
660 1100 1010011 01011011 11011110111 10110 1011010010
proposito ganisa 111100, 0011 0011010 benignus,
111100 011010 contulerant, proprium uulnerauit honorem,
11100 10010 0111001101ιο 01110100 1111010 gaudia 001010.
Quam 11111, 1100111 0011010 1011100 110 11001010 11011010,
15155 0111111110, 11100111 11011110 01111010 1100011οΡ
10111 11001100 1110011010 1000. 1111 Christus 11011010
011111 1111110 0010111000 1101001. 11111 1011110 11111100011111,
01110111 0011101 0111110111. 00110 01111101101 1110,
11111 10101000 001111, 1000111 01, fastigia 1001011,

640⁴ 011] cf. Fortunat. C. Vlss, 285, 053] Cf. 266. 257. Π, 112.
60¹3] cf. II, 648.

0131101000 V 11111 offis V 647 0111100110 Ρ <548 00011111)1 650 1011-
101101, Vl (55⁴2 111·0ος1·00001·0111 Vl uix Barth.- 1110 PSVo 653 iusta

(i in ras. m. 2) V 0111111110110 „8¹ 654 1010111] callem ...... (6 fere litt.
01110.) V «555 puellm* v 4558 11010 PSV 0010001100 1) 659 1100011,
PV 1000101010 1² 1000111010 S «562 00011111010111 Barth 664 10111
0011011) Wopkens 0110111 PV ‹565› 11111101 1110 V 666 10000 V³
10001 2: ⁴368 01101110 001 01 V approbat S 669 fastidia PV cocl-
111νοΐί 1011111011, S

