194

11011 0110101111 10010, 11011 1111110 1110011111110 1111100,
11111111 11011 11011100, 11101111 11011 111-1101110,

11011 0111111, 11011 01111111 10111010 01111 11111111110 11111111
11111010 111111111110110 1111101111111010 1111111110.

111111110 110111 111100, 111111110 11011111111, 111111110
01111011 fuit 11101110 01111011 1110111110.

11101111110 111111111111, 111111111111 1110 11111111011 100111
1011010 1111110 11011 011111, 011111 011110111111 1111110.

0011011111 infelix 011111 111010 01- coningo 11111101,
011111 0011110 110111111110 0011111111111 01111111.

111 01111111110 1110110111 0111110, flagrantia 111111110,
1111110 1111111010 1111111111111, 100111 11011010 rogum.
1101· 111000, 11111110, 1101· 111111 01 00111111111 01 01111100

1101· 11111100, 10110 111110 1101 111110 11110,
111010 110101· 010111111111 <0111κζ1ςο0> 111001111111 11101110.
11110 111111111111 (11111111 10111 rogo.

1110 11010111110 0101111101111 111111111110111111 Α11111011111111110 stragem
111 (11111111 01100. Y 1110111111 Ρ111111111111110 1110110110, 11 11110 111111111111
vx ’,Γ11101101101 0011100 011111 011111, 111111 11110110101111. 01 1111110110
«11111111 0111100111, 110 111 (1111110111 11011101100 0111101111 111111111111 0111.
1111111 1111011 111011 (11·101111110 11110 fumauit Gallia tnta 111911 nihi]
11111111 1101001 1001110010 11101 1111 111 1011111110, 11110 01111111 01 001111111010
1111110111 Alani Slwui 111119111111101100 111111111111 111 (11111111111 11111111-
11011100 011111111 10110 igniqm¹ 111101111111111 1111110 41111 Α. l). 1111111
11111110110111 11001111111 110 11110 1110111010110 010 10111101110111 0. XXX.
”1’1110 000110 01 1101100 111111 11101111* 11110 01111110111)Υ changed 11110
11 1100011ε 111111 1110 111-0011001 01 1110 011101111111ι 1111110 0011111 1110110
111011110111011 1110 0011111110 01” 111111110 110111 1110 1100011111011 011 1111111.
Τ110 111111110111110· 0111 01” 11101117, 11110 011111110011 111111 11001101011;
111111 11111111 11111110111111 1,*111101111110 111010 1111111111111111 11111001101011 111
1110 011111011. ’11’1’11·1110 11011011011 111101· 11 long 111111 011011111110 01011ος
81111011111011, 8111100, 1111011110, ’1111111111113 Α1·1·110, Αι1110110 01110110110011
1110 011101 0111110001011 01 1110 (1011111111 11111ος 111111 1110 001101111111111·
111111100 111 11111· 011101111 110111 1110 1111111ςο 01 1110 Rhium 0101· 1110
,1410111001 111111 011110 00101110011 1110111101Ᾰο 1111111111. Thai 11011
111111 0110110110 0111111111. 110 1111· 110 1110 0001111, 1110 Alps 111111 1110

