Alethias lib. 11. 405

111 110113 1111131111. 11010 fulgentior 0113
91 mago 901 111111119, 111191 3131019 9919110
13913 11011 139199 91 (1991191313 111199911111
535 19111139 31113 1101119. 9911 31111119 1191931111 imago
3319 0911109 1311139 99131191 11193101311113 131339,
111191 3111139 quid pertulerint, 113111 1111111919 93910
91 11011 119113191131, 1191119191 911111 119111919 93930
1103139 91 1311939 90111911139191 3193 procellas:
540 93311139 9319 19113131, 11113111 1319 9311913 1131911119
99 91191131 9111111111 1113119119 largitio 90119191,
91Ι 110991 3110111109 1191113111119 31111199919 promptos7
311119 9111119 1311119 1010 9311999111 311110,
11319 potu& 33311139 1109 9039131, 91 991913 1111139
545 91111119191931, 91311909, 1111111 11391331 3193, 399311
111191 3111139 1101111999 9111, 11191 199101 Olympi
(1911091109 11931139 399 1331 11113 91119313 1111193199
9391131119991 90, 11110 9031111111 031313, 1111111.
1119 31113139 longao 1191113139 9319919 309119
550 31199111 13919 9110113119 31111119 repleuit:
1119, 111 13111 segnem 11099931 119119119 (1111919111,
13131111 pigri 111391111131 torporis 3111019111,
1119 11019119, 9111, 91 11139311, 31111119 9911913
1113911911110 13111131 91111 gurgite eogere 139 991
555 1113113909 3111919 133109 1133131191139 1313119
13399109 algore 110309, 11111 1911111019 113130,
31 1111119 9111191111 1101111109 919 110999 1199311,
11199 1111991111 3111119 1101111109 919 110999 1933991.

52133 111191 (ἶ 111101· 534 (1191191313 (9 supra i m3) 535 Foetibus
535» Pontus (1 ew 9) 9011191311119191 543 9111999111 (ff supra¹ 11113) 544 3331-
1139 (11 salmo ¹.¹.¹ nef‘) 1109 G hos 91 G 919 547 1139311119 911-
1191113. (1· post add.) 1111193119 (11199113οεηρνα 1 alt. 1113) 550 1191199111 B
551 11099931 esso 1111991111, 552 3111111ῧ13 553 9393913 (a pr. carp. 1113)
5541 ini-gito (g 91111111 i pr. 222³) 5551311191909(3191111111 11 1113) 557 119-
9311 (in 1119, sev-iprum fuit 1933991) — CLAUDH MAizu 1119101111 0111110319
Missua: 1111913911 ,1111711119 (ΑΑΙΙΘΙέΙΑΣ supra m3) 1111} 11. mcffi. 111.
(EXPLIOET 31111119 et 11. mcffi. 911). 1113).

