Β

011 (19011 1911111915ι 931· 11 951, 11310191 (19 910119 qu’il 9011190311,
113115 Forigine la fin (19 99 (1911119111091119 91 1’111591·11111011 (19 13
1135111009 (19 S. Martin (111 951 93110911 (19 orantibus) ......
Je 1’31 9011311009 911 9111191·; 11 1113 919 (1’1111 grand 5990015. —-
31191· 901191, (1110 (3011191105 115115 9131, Parisinus 951, bibl. 113110-
113115 53991110 111, 1119 1919111 (19911110 5911111115, 011111 Sanger-
111311911515. 1119 111191· (111111 1119111 511, (1111 1111119 111 111111. 0311011311
51111 11. 13759 311591113101· 13111 11011 (1011110. ex (1110 A. Engel-
111991111115 11119115 1119 9911101901 19911 111 93 11111110111993- 11011
11105 (103111 (11105 1111105 911319 (1111 Ρ30111111111 9001109301. 113111
111 830991013091159111 conferrem 31111091 11011 1101111, (10111119 qui
Corpetio 31191019 111 fine libri 5991111111 (19511131. 3110111 1111111111
111 111111. M 91110 0101113113 (1111(101911111) 911319 ex Η39119111 111110
0011551010 901111191·1; (1111 (1110 1911111019 511 5911111115, 9001119111
1195910. 99119 11911151-15 3111111111911111(111111 11011 9559 11](19 colligitur.
(111011 Ζ31199111915191· 91115 11011 19911 111911110119111. 1131111 53119
magni 1119111 fuit 901191( 1119 9 (11111 10191115 Paulinum 1111111115
9(·11(111; 9111115 1991101195 911111 9 ’1131111111 9111110119 911111 91113 9110-
13559111. inferiorem 0111011105 111915 91 1111111(1111111·111115 10915 111911-
(10511111 9559 9011110111. (111911911111311115 (1911111119 1109051905
813. ἴ1 911311. 5399. XVI. 9111115 1991101195 dilig-enter 9011591111135
G. 11301195 mihi 11911911019 1111511. 91111199111 11113111111111, 9111115
31109131111011 951.. 113, 19111395911131, 111 1131193, 90119913, 1111113
11111313 51111.

Quibus disputatis 90111 53115 1131931 1111105 11131111 591111105
(111115 mihi 311119 1191111, 0111111001 9559 31111110155111105, 111 13111
31111911110111 951, 1111110111 90111111 usque 311 1105113111 39131901 3 (1110-
(1113111 1101111119 (10910 9559 11151199111111. (1113111 011 19111 3911110111
9559 111110 111, 1131110 1115105 (19 1111111591110511119 1119110 91 31191011-
1319 (115591-3111115 (1039119 111191 905 51111111111110 1191 (1109151135
111191991131 diligentius 1111111113111115. 3111119 1111010111 1101119111 113119,
19111 1191 0111191· 3111111191111 1099 9131105 3111131931 11999559 951,
(11135 9559 lim-orum familias 9 (10011115 91191111113111105 11101505
1111191515 1110199135. 311 31191301 501115 1191111191 R, 311 31191301
19111101 (1111 39131901 1019111111 01111195. (11139 familias} bonitate
113 111191· 59 differunt, 111, 11. 1011119, 111395131111551111115 511, PSV
5039 (1111119111 51111115 optimi, 5911 13111911 R plerumque i11fe1·iol·eS‚

