282

assignans eucharisticon. deindo 011111111011111 110001111011 Hagenus
in catalogo 111110111111 11100. 1101110110111111 11. 325. 0111110 001 00-
dex membranaceus in quarto foliorum quattuordecim 00001110,
111 1111101111, 110110 singulis 001111111110 11100110111111 01 quaternorum
1101-01111111 (1111101110 0011111110, 11101 1111011 110001111Ιο 1101111 1010 1111110
111101111110 011111. 00111110111110 11100101· 110110110011110 syllabarum et,
um, am, que, bus, per, prae 01 01 111111 011111, similia, 110111110
uocabulorum Christus, (Zeus, voster, omnis 1101100 reperiuntur.
Paulini 001111011 1101110 00111111 0111111101 0111110 01110 10111111010 111111-
11110 11101111 00111110 11011110 11110 011 111 0110110 111 0011110 paginae
1011010. 0011 ox 01111111010 0011100 11000 10110 0000 1100011110 111110
10010 colligi 11001, 1111011 111 11110 margine, primae paginae nu—
11101110 1111010111101110 XVII 00110111 1111011101110, 11110 111011110 011010
110110 001, 0101011ιο legitur, 01 11001 1101111111 quartum 1100111111111
11110, 1111111110 111101· quaternio 011111 0011111101101111, 1000010 0000
0111111101. 00110111 10 01 1111111 00111111011011 111110 110 111 1100 11111-
110111 exemplari 111) 1111110 011011111111111 1111000 001111011, 0011 111
11110 quaternionis XVP 0111111000 011111 ‘situlum 111111001111 011111

132 1101111110 1111010110. 1111111011 1111111111, 111100 0011100111 001111011, 1111010

111

1111101111· 0000 0011110110, 111100 111111110 10010 01111000 0111111111, 00111-
11110011 00110111, 11011011 111 margine 1111011110 111101111010111011111 110-
1111111. 1111110111000 00111 manuni grauissima 1111110111ιο 0 00111010
0110111110 011010111010, 1101 1111110 11010110 423 11111110 11101111 1101· 110-
glogontiznn 0111100110, 011010111 11101·ςὶ110 0111001110 1001111111. 0111110
1110111 1111000 01011111101, 0 11110 0011011 1100011111110 0101, 011111 0111-
1111111 011 1101-1 01111111111111111, 1001 11111100111 001111110100, 111100 11 1111010
0011111010 11111 nihil 0111 110111111 1111011001Οο 0110111 1111111110 vx 01110-
110111 001111111100 uestigiis 1101111111Ιο 10010 0011011111011110 1101 01100
1110111100 01111111011110 01110111101111 (01. 34. 194. 21313. 234. 312. 438.
566). al» 00110111 11101111 11110111 signum (11 1110100111111 001, 111111-
draginta 110101111ιο 010, 11111 111011100111 011111111111 011011010110111 11011010
11111010111111, 111 margine appictum (20. 351). 552. 61. 91. 98. 110.
1115. 100. 170. 194 (1101. 111. 3). 1117. 208. 242. 276 (1101. 111.
3). 2.(14. 306. 331 (1101. 111011 111. 2). 341. 3157. 398. 413. 415.
433. 443. 441). 4131). 474. 477. 493. 51⁴5. 521. 526 (1327 1³).
528. 2325) (01110). 542. 15611. 573. 575. 1533. 590). 1011111 1111111110
11111110 1000111101· (xvii 1101 xviii 111110 00001111) 111 margine 01

